Nesting Status,Species
Success,Olive Ridley
Success,Olive Ridley
Success,Olive Ridley
Success,Olive Ridley
Success,Olive Ridley
Success,Olive Ridley
Success,Olive Ridley
Success,Olive Ridley
Success,Olive Ridley
Success,Olive Ridley
Success,Olive Ridley
Success,Olive Ridley
Success,Olive Ridley
Success,Olive Ridley
Success,Olive Ridley
Success,Olive Ridley
Aborted,Olive Ridley
Aborted,Olive Ridley
Aborted,Olive Ridley
Aborted,Olive Ridley
Success,Hawksbill
Success,Hawksbill
Success,Hawksbill
Success,Hawksbill
Aborted,Hawksbill
Aborted,Hawksbill
Aborted,Hawksbill
Success,Leatherback
Success,Leatherback
Success,Leatherback
Success,Leatherback
Aborted,Leatherback
Aborted,Leatherback
